00000000 0 0 0000 0 1 0 1
00000001 0 0 0000 0 0 0 1
00000010 0 0 0000 0 0 0 1
00000011 0 0 0000 0 0 0 1

00000000 0 1 0000 0 1 0 1
00000000 1 0 0000 0 1 0 1

00000000 0 0 0000 1 1 0 1

00000000 0 0 0001 0 0 0 1
00000001 0 0 0001 0 1 0 1

00000000 0 0 0010 0 1 0 1
00000000 0 1 0010 0 1 0 1
00000000 1 0 0010 0 1 1 1

00000000 0 0 0100 0 1 0 0
00000001 0 0 0100 0 0 0 0
00000000 0 0 0100 1 1 0 0

00000000 0 1 0100 0 1 0 0
00000000 1 0 0100 0 1 0 0

00000000 0 0 0110 0 1 0 0
00000001 0 0 0100 0 0 0 0
00000000 0 0 0100 1 1 0 0

00000000 0 1 0100 0 1 0 0
00000000 1 0 0100 0 1 0 0

00000000 0 0 1000 0 1 1 1
00000000 0 0 1000 1 0 1 1
00000000 0 1 1000 0 1 1 1
00000000 1 0 1000 0 1 1 1

00000001 0 0 1000 0 0 1 1
00000001 0 0 1001 0 1 1 1

00000000 0 1 1010 0 1 1 1
00000000 1 0 1010 0 1 1 1

00000000 0 0 1100 0 1 0 0
00000000 0 1 1100 0 1 1 0
00000000 1 0 1100 0 1 0 0

00000000 0 0 1100 1 1 0 0
00000001 0 0 1100 0 1 0 1
00000010 0 0 1100 1 0 0 0
00000011 0 0 1100 1 0 0 1