00000000000000000000000000000000 00000000000000000000000000000000 00000000
11111111111111111111111111111111 00000000000000000000000000000000 11111111
00000000000000000000000000000000 11111111111111111111111111111111 00000000
11111111111111111111111111111111 11111111111111111111111111111111 00000000

01111111111111111111111111111111 00000000000000000000000000000000 01111111
10111111111111111111111111111111 00000000000000000000000000000000 10111111

11111111111111111111111111111111 01111111111111111111111111111111 10000000
11111111111111111111111111111111 10111111111111111111111111111111 01000000

01111111111111111111111111111111 01111111111111111111111111111111 01111111
10111111111111111111111111111111 10111111111111111111111111111111 10111111